,Time (s) Run #5,Position (m) Run #5,Velocity (m/s) Run #5,Acceleration (m/s²) Run #5,Time (s) Run #6,Position (m) Run #6,Velocity (m/s) Run #6,Acceleration (m/s²) Run #6,Time (s) Run #7,Position (m) Run #7,Velocity (m/s) Run #7,Acceleration (m/s²) Run #7,Time (s) Run #8,Position (m) Run #8,Velocity (m/s) Run #8,Acceleration (m/s²) Run #8,Time (s) Run #9,Position (m) Run #9,Velocity (m/s) Run #9,Acceleration (m/s²) Run #9,Time (s) Run #10,Position (m) Run #10,Velocity (m/s) Run #10,Acceleration (m/s²) Run #10,Time (s) Run #11,Position (m) Run #11,Velocity (m/s) Run #11,Acceleration (m/s²) Run #11,Time (s) Run #12,Position (m) Run #12,Velocity (m/s) Run #12,Acceleration (m/s²) Run #12,Time (s) Run #13,Position (m) Run #13,Velocity (m/s) Run #13,Acceleration (m/s²) Run #13,Time (s) Run #14,Position (m) Run #14,Velocity (m/s) Run #14,Acceleration (m/s²) Run #14
3,0.06,1.05,0.0,-0.12,0.06,1.0,-0.23,-1.44,0.06,1.05,0.01,-1.58,0.06,1.03,0.06,4.84,0.06,1.07,-0.04,0.28,0.06,1.06,0.01,0.57,0.06,1.08,-0.02,-0.56,0.06,1.09,-0.21,3.54,0.06,1.07,0.0,-1.63,0.06,1.02,0.06,1.3
4,0.08,1.05,0.000436,-0.25,0.08,0.99,0.06,3.0,0.08,1.05,-0.06,-1.48,0.08,1.04,0.14,5.6,0.08,1.07,-0.02,0.69,0.08,1.06,0.03,0.45,0.08,1.08,-0.04,-0.12,0.08,1.09,-0.11,4.31,0.08,1.07,-0.01,-0.79,0.08,1.02,0.15,0.58
5,0.1,1.05,0.000405,-0.63,0.1,1.0,0.15,-2.07,0.1,1.05,-0.09,0.3,0.1,1.04,0.35,1.73,0.1,1.07,0.0,0.4,0.1,1.06,0.04,-0.08,0.1,1.08,-0.04,0.73,0.1,1.08,0.0,4.25,0.1,1.07,-0.03,0.02,0.1,1.03,0.16,-2.69
6,0.12,1.05,-0.02,-0.83,0.12,1.02,-0.12,-5.18,0.12,1.04,-0.04,1.85,0.12,1.05,0.37,-6.38,0.12,1.07,-0.01,0.16,0.12,1.06,0.03,-0.63,0.12,1.07,-0.01,1.04,0.12,1.09,0.1,1.95,0.12,1.07,-0.03,0.91,0.12,1.03,0.02,-4.72
7,0.14,1.05,-0.05,-0.28,0.14,0.99,-0.29,-0.74,0.14,1.05,0.02,1.49,0.14,1.06,0.04,-11.29,0.14,1.07,-0.01,0.41,0.14,1.06,0.01,-0.85,0.14,1.07,0.03,-0.01,0.14,1.09,0.1,-0.78,0.14,1.06,0.01,1.46,0.14,1.03,-0.14,-2.33
8,0.16,1.04,-0.05,0.75,0.16,0.99,-0.12,5.17,0.16,1.05,0.05,-0.42,0.16,1.05,-0.31,-6.51,0.16,1.07,0.01,0.76,0.16,1.06,-0.01,-0.74,0.16,1.08,0.01,-0.05,0.16,1.09,0.03,-2.73,0.16,1.07,0.05,0.69,0.16,1.02,-0.12,1.61
9,0.18,1.04,-0.01,1.13,0.18,1.0,0.06,6.7,0.18,1.05,0.0,-2.11,0.18,1.04,-0.33,2.51,0.18,1.07,0.03,0.77,0.18,1.06,-0.02,-0.32,0.18,1.08,-0.06,3.17,0.18,1.09,-0.02,-3.65,0.18,1.07,0.06,-0.93,0.18,1.02,0.02,2.46
10,0.2,1.05,0.02,0.58,0.2,0.99,0.15,3.67,0.2,1.05,-0.07,-2.09,0.2,1.04,-0.05,6.32,0.2,1.07,0.04,0.41,0.2,1.06,-0.03,0.29,0.2,1.07,0.08,6.94,0.2,1.09,-0.11,-3.9,0.2,1.07,0.0,-1.66,0.2,1.03,0.05,0.88
11,0.22,1.05,0.01,0.26,0.22,0.99,0.24,-1.79,0.22,1.04,-0.11,-0.49,0.22,1.04,0.08,3.86,0.22,1.07,0.05,-0.02,0.22,1.06,-0.01,0.75,0.22,1.07,0.34,4.43,0.22,1.09,-0.21,-3.09,0.22,1.07,-0.05,-0.7,0.22,1.03,-0.01,1.19
12,0.24,1.04,0.0,0.76,0.24,1.02,0.13,-6.69,0.24,1.04,-0.09,3.12,0.24,1.04,0.04,0.39,0.24,1.07,0.04,-0.39,0.24,1.06,0.01,0.66,0.24,1.09,0.44,-5.08,0.24,1.08,-0.26,0.76,0.24,1.07,-0.03,0.86,0.24,1.02,0.02,3.79
13,0.26,1.04,0.04,1.41,0.26,1.0,-0.14,-5.36,0.26,1.04,-0.04,7.42,0.26,1.04,0.04,-1.03,0.26,1.08,0.03,-0.66,0.26,1.06,0.03,-0.04,0.26,1.1,0.11,-10.9,0.26,1.08,-0.24,6.84,0.26,1.07,0.02,0.96,0.26,1.02,0.19,4.24
14,0.28,1.05,0.08,1.24,0.28,1.0,-0.27,1.83,0.28,1.04,0.23,7.98,0.28,1.04,0.03,-1.99,0.28,1.08,0.01,-0.87,0.28,1.06,0.01,-0.74,0.28,1.1,-0.3,-6.89,0.28,1.07,0.02,9.43,0.28,1.07,0.04,-0.47,0.28,1.03,0.3,0.59
15,0.3,1.05,0.1,0.12,0.3,0.99,0.0,6.73,0.3,1.04,0.46,1.49,0.3,1.04,-0.03,-2.98,0.3,1.08,0.0,-1.22,0.3,1.06,-0.02,0.52,0.3,1.08,-0.23,0.81,0.3,1.07,0.34,3.79,0.3,1.07,-0.01,-1.53,0.3,1.04,0.22,-3.61
16,0.32,1.05,0.09,-1.22,0.32,0.99,0.21,3.91,0.32,1.07,0.37,-6.73,0.32,1.04,-0.12,-2.35,0.32,1.08,-0.03,-1.24,0.32,1.06,-0.03,3.16,0.32,1.08,-0.05,1.99,0.32,1.09,0.29,-6.53,0.32,1.07,-0.06,-1.06,0.32,1.04,0.07,-5.0
17,0.34,1.05,0.05,-2.02,0.34,1.01,0.19,-1.99,0.34,1.07,-0.000593,-8.75,0.34,1.04,-0.16,-0.32,0.34,1.08,-0.07,-0.38,0.34,1.06,0.13,3.43,0.34,1.09,-0.04,0.6,0.34,1.1,-0.06,-10.34,0.34,1.07,-0.06,0.28,0.34,1.04,-0.01,-4.85
18,0.36,1.05,-0.01,-1.63,0.36,1.01,0.01,-2.7,0.36,1.06,-0.12,-5.45,0.36,1.03,-0.12,1.44,0.36,1.07,-0.07,1.04,0.36,1.06,0.24,-0.66,0.36,1.08,-0.25,3.43,0.36,1.08,-0.37,-3.49,0.36,1.07,-0.03,0.7,0.36,1.04,-0.07,-4.92
19,0.38,1.05,-0.04,-0.38,0.38,1.0,-0.04,1.04,0.38,1.05,-0.1,-2.75,0.38,1.03,-0.07,1.93,0.38,1.07,-0.01,1.67,0.38,1.08,0.12,-5.51,0.38,1.07,0.04,4.9,0.38,1.07,-0.25,5.84,0.38,1.07,-0.01,-0.07,0.38,1.04,-0.22,-4.06
20,0.4,1.05,-0.02,0.56,0.4,1.0,0.12,3.02,0.4,1.07,-0.18,-1.58,0.4,1.03,-0.04,1.45,0.4,1.07,0.03,0.95,0.4,1.07,-0.1,-4.72,0.4,1.07,0.28,1.58,0.4,1.07,0.06,8.23,0.4,1.06,-0.03,-0.91,0.4,1.03,-0.31,0.32
21,0.42,1.05,0.01,0.88,0.42,1.01,0.21,0.38,0.42,1.04,-0.27,1.02,0.42,1.03,-0.01,0.83,0.42,1.07,0.03,-0.2,0.42,1.06,-0.19,0.56,0.42,1.11,0.02,-1.57,0.42,1.08,0.21,2.74,0.42,1.06,-0.07,-0.38,0.42,1.02,-0.26,5.47
22,0.44,1.05,0.01,0.82,0.44,1.02,0.12,-3.35,0.44,1.04,-0.14,0.77,0.44,1.03,-0.01,0.33,0.44,1.07,0.01,-0.33,0.44,1.06,-0.02,4.33,0.44,1.07,-0.03,1.05,0.44,1.09,0.16,-3.17,0.44,1.06,-0.08,1.73,0.44,1.02,0.0,4.87
23,0.46,1.05,0.04,0.48,0.46,1.01,0.0,-4.7,0.46,1.04,-0.02,-5.34,0.46,1.03,-0.01,0.12,0.46,1.07,-0.01,1.57,0.46,1.06,0.1,4.04,0.46,1.07,0.17,2.41,0.46,1.09,-0.02,-4.31,0.46,1.06,-0.01,3.46,0.46,1.02,0.12,-0.32
24,0.48,1.05,0.05,-0.53,0.48,1.01,-0.07,-4.23,0.48,1.05,-0.34,-12.49,0.48,1.03,-0.01,0.36,0.48,1.07,0.03,2.91,0.48,1.07,0.13,1.71,0.48,1.1,0.26,-3.34,0.48,1.08,-0.09,-2.69,0.48,1.06,0.11,2.49,0.48,1.04,-0.11,-4.15
25,0.5,1.06,0.03,-1.77,0.5,1.01,-0.16,-2.8,0.5,1.03,-0.71,-13.45,0.5,1.03,0.0,0.57,0.5,1.07,0.19,0.72,0.5,1.07,0.15,-1.0,0.5,1.1,0.02,-8.4,0.5,1.08,-0.06,0.01,0.5,1.07,0.15,-0.99,0.5,1.02,-0.19,-1.97
26,0.52,1.05,-0.04,-1.85,0.52,1.01,-0.23,0.16,0.52,1.01,-0.95,-9.14,0.52,1.03,0.03,0.18,0.52,1.08,0.15,-3.99,0.52,1.07,0.14,-4.45,0.52,1.07,-0.28,-7.43,0.52,1.08,-0.13,2.38,0.52,1.07,0.06,-3.51,0.52,1.01,-0.18,1.91
27,0.54,1.05,-0.08,-0.77,0.54,1.0,-0.18,3.59,0.54,0.99,-1.02,-6.09,0.54,1.03,0.02,-0.62,0.54,1.09,-0.05,-5.89,0.54,1.08,-0.03,-6.73,0.54,1.1,-0.3,-2.81,0.54,1.08,0.02,2.56,0.54,1.07,-0.07,-2.5,0.54,1.03,-0.04,2.4
28,0.56,1.05,-0.06,0.53,0.56,1.0,-0.03,4.73,0.56,0.98,-1.12,-5.85,0.56,1.03,-0.01,-0.97,0.56,1.07,-0.21,-1.84,0.56,1.08,-0.23,-4.69,0.56,1.07,-0.32,4.03,0.56,1.07,0.12,0.04,0.56,1.06,-0.09,0.54,0.56,1.01,-0.03,1.8
29,0.58,1.05,-0.04,1.2,0.58,1.0,0.07,3.25,0.58,0.95,-1.27,-6.61,0.58,1.03,-0.03,-0.41,0.58,1.07,-0.15,2.75,0.58,1.06,-0.29,0.47,0.58,1.07,-0.29,8.29,0.58,1.1,0.0,-2.98,0.58,1.06,0.0,2.36,0.58,1.01,-0.06,0.08
30,0.6,1.05,-0.01,1.36,0.6,1.0,0.09,1.06,0.6,0.92,-1.41,-6.16,0.6,1.03,-0.03,0.26,0.6,1.07,0.04,4.55,0.6,1.06,-0.16,3.66,0.6,1.07,0.19,6.27,0.6,1.08,-0.11,-1.39,0.6,1.06,0.06,1.69,0.6,1.01,0.05,-2.48
31,0.62,1.05,0.01,1.22,0.62,1.0,0.09,-0.3,0.62,0.89,-1.53,-4.59,0.62,1.03,-0.01,0.4,0.62,1.07,0.04,3.96,0.62,1.06,-0.04,3.11,0.62,1.07,0.19,-1.82,0.62,1.07,-0.11,0.45,0.62,1.07,0.07,-1.05,0.62,1.01,-0.11,-5.78
32,0.64,1.05,0.04,0.58,0.64,1.01,0.07,-1.09,0.64,0.86,-1.6,-3.38,0.64,1.03,-0.01,0.11,0.64,1.08,0.15,1.07,0.64,1.06,-0.04,3.39,0.64,1.09,-0.04,-7.45,0.64,1.08,0.07,-2.63,0.64,1.07,0.04,-4.99,0.64,1.02,-0.27,-6.83
33,0.66,1.05,0.05,-0.12,0.66,1.01,0.05,-1.34,0.66,0.83,-1.63,-3.64,0.66,1.03,-0.01,-0.15,0.66,1.07,0.21,0.24,0.66,1.06,-0.04,5.03,0.66,1.06,-0.27,-0.43,0.66,1.08,-0.12,-7.84,0.66,1.07,-0.12,-8.77,0.66,1.0,-0.42,-3.77
34,0.68,1.05,0.02,-0.47,0.68,1.01,0.000983,-0.3,0.68,0.8,-1.72,-4.82,0.68,1.03,-0.01,-0.25,0.68,1.09,-0.01,6.06,0.68,1.06,0.25,4.37,0.68,1.06,-0.24,10.61,0.68,1.08,-0.42,-10.18,0.68,1.07,-0.36,-10.02,0.68,0.99,-0.45,-1.18
35,0.7,1.05,0.02,-0.46,0.7,1.01,0.0,1.92,0.7,0.76,-1.85,-5.17,0.7,1.03,-0.02,-0.35,0.7,1.08,0.22,6.63,0.7,1.06,0.28,-1.73,0.7,1.06,0.34,14.19,0.7,1.06,-0.57,-7.48,0.7,1.05,-0.58,-8.07,0.7,0.98,-0.38,-1.51
36,0.72,1.05,0.01,-0.36,0.72,1.01,0.08,3.05,0.72,0.72,-1.95,-4.47,0.72,1.03,-0.03,-0.46,0.72,1.06,0.87,-14.24,0.72,1.09,0.17,-8.0,0.72,1.06,0.62,5.25,0.72,1.05,-0.7,-5.03,0.72,1.04,-0.69,-5.03,0.72,0.98,-0.46,-4.34
37,0.74,1.05,0.0,-0.28,0.74,1.01,0.2,-0.78,0.74,0.68,-2.01,-3.91,0.74,1.03,-0.04,0.12,0.74,1.13,0.14,-46.37,0.74,1.06,-0.17,-7.23,0.74,1.1,0.57,-9.74,0.74,1.04,-0.73,-3.91,0.74,1.03,-0.75,-2.25,0.74,0.97,-0.6,-5.83
38,0.76,1.05,0.0,-0.07,0.76,1.01,0.17,-7.82,0.76,0.64,-2.09,-3.97,0.76,1.03,-0.05,2.91,0.76,1.15,-1.63,-51.85,0.76,1.08,-0.27,-3.13,0.76,1.1,0.16,-14.48,0.76,1.02,-0.86,-3.38,0.76,1.01,-0.8,0.06,0.76,0.95,-0.76,-3.82
39,0.78,1.05,0.000994,0.04,0.78,1.02,-0.18,-10.5,0.78,0.6,-2.18,-3.84,0.78,1.03,0.02,6.25,0.78,1.01,-2.84,-19.72,0.78,1.05,-0.16,-0.09,0.78,1.1,-0.37,-8.04,0.78,1.01,-0.88,-3.53,0.78,0.99,-0.75,0.3,0.78,0.94,-0.78,-0.66
40,0.8,1.05,0.01,-0.06,0.8,1.01,-0.48,-3.82,0.8,0.56,-2.26,-3.25,0.8,1.03,0.27,5.07,0.8,0.98,-2.37,12.09,0.8,1.07,-0.22,-2.23,0.8,1.09,-0.18,2.91,0.8,0.98,-0.96,-3.82,0.8,0.98,-0.68,-2.94,0.8,0.92,-0.73,1.41
41,0.82,1.05,-0.000118,-0.28,0.82,0.99,-0.41,6.08,0.82,0.51,-2.3,-2.6,0.82,1.03,0.4,-1.93,0.82,0.96,-1.48,17.6,0.82,1.05,-0.22,-6.31,0.82,1.07,-0.06,6.16,0.82,0.97,-1.05,-4.98,0.82,0.97,-0.83,-7.28,0.82,0.91,-0.7,1.58
42,0.84,1.05,-0.01,-0.44,0.84,0.99,-0.06,7.48,0.84,0.46,-2.36,-2.5,0.84,1.05,0.18,-9.22,0.84,0.92,-1.54,6.15,0.84,1.05,-0.47,-9.5,0.84,1.11,0.19,2.1,0.84,0.94,-1.14,-3.81,0.84,0.95,-1.07,-7.33,0.84,0.89,-0.67,0.84
43,0.86,1.05,-0.02,-0.46,0.86,0.99,0.13,-0.92,0.86,0.42,-2.39,-2.93,0.86,1.05,-0.13,-10.02,0.86,0.89,-1.57,-0.15,0.86,1.04,-0.67,-10.43,0.86,1.07,0.0,-0.31,0.86,0.92,-1.29,-0.81,0.86,0.92,-1.23,-2.5,0.86,0.88,-0.66,-0.15
44,0.88,1.05,-0.03,-0.43,0.88,1.0,-0.12,-10.62,0.88,0.37,-2.47,-3.42,0.88,1.03,-0.32,-7.02,0.88,0.86,-1.55,0.21,0.88,1.02,-0.92,-8.2,0.88,1.1,0.02,-3.41,0.88,0.89,-1.18,1.76,0.88,0.9,-1.16,1.78,0.88,0.87,-0.67,-1.0
45,0.9,1.05,-0.04,-0.18,0.9,0.99,-0.46,-14.26,0.9,0.32,-2.54,-2.18,0.9,1.04,-0.31,-7.13,0.9,0.83,-1.49,-2.38,0.9,1.0,-1.03,-5.7,0.9,1.07,0.08,-6.98,0.9,0.86,-1.12,0.29,0.9,0.88,-1.04,2.31,0.9,0.85,-0.71,-1.16
46,0.92,1.05,-0.04,0.36,0.92,0.98,-0.75,-8.41,0.92,0.26,-2.62,5.07,0.92,1.02,-0.48,-10.58,0.92,0.8,-1.59,-6.42,0.92,0.98,-1.09,-4.09,0.92,1.11,-0.3,-12.72,0.92,0.85,-1.11,-5.15,0.92,0.86,-1.05,0.41,0.92,0.84,-0.73,-1.08
47,0.94,1.05,-0.03,1.19,0.94,0.96,-0.96,-1.36,0.94,0.21,-2.51,10.23,0.94,1.02,-0.82,-12.72,0.94,0.77,-1.81,-7.93,0.94,0.96,-1.18,-3.96,0.94,1.07,-0.52,-14.02,0.94,0.82,-1.33,-8.41,0.94,0.84,-1.06,-0.75,0.94,0.82,-0.74,-1.12
48,0.96,1.05,0.01,1.29,0.96,0.94,-0.63,-3.27,0.96,0.16,-1.9,6.25,0.96,0.99,-1.07,-9.97,0.96,0.73,-2.0,-5.11,0.96,0.93,-1.26,-4.02,0.96,1.06,-0.91,-12.64,0.96,0.8,-1.58,-6.93,0.96,0.81,-1.09,-0.61,0.96,0.81,-0.78,-1.13
49,0.98,1.05,0.06,-0.96,0.98,0.91,-0.74,-11.03,0.98,,,,,0.97,-1.24,-5.32,0.98,0.69,-2.04,-1.68,0.98,0.91,-1.34,-3.92,0.98,1.06,-1.0,-11.48,0.98,0.76,-1.65,-2.13,0.98,0.79,-1.09,-0.42,0.98,0.79,-0.8,-0.7
50,1.0,1.05,0.03,-2.68,1.0,0.95,-1.36,-14.8,1.0,,,,,0.95,-1.26,-2.81,1.0,0.65,-1.98,-0.67,1.0,0.88,-1.41,-3.78,1.0,1.02,-1.34,-7.66,1.0,0.73,-1.62,0.96,1.0,0.77,-1.09,-0.66,1.0,0.78,-0.81,-0.24
51,1.02,1.05,-0.16,-1.05,1.02,0.87,-1.55,-8.68,1.02,,,,,0.92,-1.27,-3.09,1.02,0.61,-2.03,-1.81,1.02,0.85,-1.49,-3.61,1.02,1.0,-1.46,-2.75,1.02,0.7,-1.55,1.01,1.02,0.75,-1.11,-1.28,1.02,0.76,-0.8,-0.27
52,1.04,1.05,-0.09,2.27,1.04,0.83,-1.59,-6.12,1.04,,,,,0.89,-1.37,-4.59,1.04,0.57,-2.09,-2.67,1.04,0.82,-1.56,-3.44,1.04,0.96,-1.36,1.83,1.04,0.67,-1.57,-0.16,1.04,0.73,-1.15,-1.54,1.04,0.75,-0.81,-0.65
53,1.06,1.03,0.05,1.96,1.06,0.85,-1.55,-10.65,1.06,,,,,0.87,-1.49,-4.95,1.06,0.52,-2.15,-2.05,1.06,0.79,-1.63,-3.29,1.06,0.94,-1.31,1.75,1.06,0.63,-1.58,-1.21,1.06,0.7,-1.19,-1.23,1.06,0.73,-0.83,-0.93
54,1.08,1.06,0.08,-3.66,1.08,0.78,-2.1,-10.2,1.08,,,,,0.83,-1.59,-4.22,1.08,0.48,-2.18,-1.09,1.08,0.76,-1.69,-3.24,1.08,0.91,-1.28,-0.69,1.08,0.6,-1.61,-1.55,1.08,0.68,-1.2,-0.7,1.08,0.71,-0.85,-0.92
55,1.1,1.05,-0.1,-8.47,1.1,0.73,-2.33,-3.6,1.1,,,,,0.8,-1.65,-3.87,1.1,0.44,-2.18,-0.84,1.1,0.72,-1.75,-3.33,1.1,0.89,-1.34,-2.73,1.1,0.57,-1.65,-1.49,1.1,0.65,-1.21,-0.32,1.1,0.7,-0.87,-0.71
56,1.12,1.04,-0.38,-10.25,1.12,0.69,-2.04,2.21,1.12,,,,,0.77,-1.72,-3.77,1.12,0.39,-2.19,-1.42,1.12,0.69,-1.82,-3.39,1.12,0.86,-1.42,-3.71,1.12,0.54,-1.68,-0.96,1.12,0.63,-1.21,-0.16,1.12,0.68,-0.88,-0.65
57,1.14,1.04,-0.5,-10.18,1.14,0.65,-2.04,0.2,1.14,,,,,0.73,-1.83,-3.28,1.14,0.35,-2.24,-1.46,1.14,0.65,-1.89,-3.19,1.14,0.83,-1.5,-3.2,1.14,0.5,-1.69,-0.48,1.14,0.61,-1.21,-0.16,1.14,0.66,-0.88,-1.03
58,1.16,1.02,-0.75,-9.7,1.16,0.61,-2.12,-3.76,1.16,,,,,0.69,-1.87,-2.2,1.16,0.3,-2.29,-1.69,1.16,0.61,-1.95,-2.78,1.16,0.8,-1.56,-2.49,1.16,0.47,-1.69,-0.45,1.16,0.58,-1.21,-0.31,1.16,0.64,-0.91,-1.6
59,1.18,1.01,-0.96,-8.71,1.18,0.57,-2.22,-4.47,1.18,,,,,0.66,-1.9,-1.72,1.18,0.26,-2.26,120.69,1.18,0.57,-2.0,-2.41,1.18,0.77,-1.58,-2.32,1.18,0.43,-1.7,-0.66,1.18,0.56,-1.22,-0.57,1.18,0.62,-0.96,-1.63
60,1.2,0.99,-1.09,-6.87,1.2,0.52,-2.31,-4.28,1.2,,,,,0.62,-1.91,-2.33,1.2,0.21,-2.38,376.8,1.2,0.53,-2.05,-2.18,1.2,0.74,-1.64,-2.78,1.2,0.4,-1.72,-1.02,1.2,0.53,-1.24,-0.88,1.2,0.6,-1.0,-0.88
61,1.22,0.96,-1.21,-5.85,1.22,0.48,-2.39,-4.14,1.22,,,,,0.58,-1.99,-3.02,1.22,0.17,12.33,494.86,1.22,0.49,-2.09,-1.96,1.22,0.71,-1.7,-3.1,1.22,0.37,-1.74,-1.47,1.22,0.51,-1.26,-1.12,1.22,0.58,-1.0,-0.16
62,1.24,0.94,-1.32,-5.52,1.24,0.43,-2.46,-4.32,1.24,,,,,0.54,-2.06,-3.01,1.24,,,,,0.45,-2.13,-1.95,1.24,0.67,-1.77,-2.63,1.24,0.33,-1.78,-1.94,1.24,0.48,-1.28,-1.18,1.24,0.56,-0.98,-0.02
63,1.26,0.91,-1.43,-5.3,1.26,0.38,-2.56,-4.46,1.26,,,,,0.5,-2.11,-2.35,1.26,,,,,0.4,-2.16,-2.32,1.26,0.63,-1.81,-2.03,1.26,0.3,-1.82,-2.16,1.26,0.46,-1.31,-1.05,1.26,0.54,-0.99,-0.28
64,1.28,0.88,-1.53,-4.89,1.28,0.33,-2.65,-2.58,1.28,,,,,0.46,-2.15,-2.18,1.28,,,,,0.36,-2.22,-2.81,1.28,0.6,-1.84,-1.73,1.28,0.26,-1.87,-0.7,1.28,0.43,-1.33,-0.85,1.28,0.52,-1.0,-0.45
65,1.3,0.85,-1.63,-4.53,1.3,0.27,-2.73,-3.32,1.3,,,,,0.41,-2.18,-2.6,1.3,,,,,0.31,-2.28,-2.73,1.3,0.56,-1.88,-1.77,1.3,0.22,-1.9,3.15,1.3,0.4,-1.34,-0.73,1.3,0.5,-1.01,-0.4
66,1.32,0.81,-1.7,-4.69,1.32,0.22,-2.6,-6.2,1.32,,,,,0.37,-2.25,-2.95,1.32,,,,,0.27,-2.34,1.19,1.32,0.52,-1.91,-1.59,1.32,0.18,-1.78,133.3,1.32,0.38,-1.35,-0.57,1.32,0.48,-1.02,-0.32
67,1.34,0.78,-1.8,-5.39,1.34,0.16,-3.01,4619.93,1.34,,,,,0.32,-2.32,-2.88,1.34,,,,,0.22,-2.36,11.81,1.34,0.48,-1.95,-1.2,1.34,0.14,-1.53,387.03,1.34,0.35,-1.37,0.01,1.34,0.46,-1.02,-0.23
68,1.36,0.74,-1.93,-5.83,1.36,,,,,,,,,0.28,-2.36,0.46,1.36,,,,,0.17,-1.99,17.06,1.36,0.44,-1.96,-1.12,1.36,,,,,0.32,-1.37,0.3,1.36,0.44,-1.03,-0.18
69,1.38,0.7,-2.05,-5.17,1.38,,,,,,,,,0.23,-2.42,7.93,1.38,,,,,0.13,-1.21,6.97,1.38,0.4,-1.98,-1.48,1.38,,,,,0.29,-1.33,-0.21,1.38,0.42,-1.03,-0.21
70,1.4,0.66,-2.15,-3.8,1.4,,,,,,,,,0.18,-2.1,248.11,1.4,,,,,,,,,0.37,-2.02,-1.94,1.4,,,,,0.27,-1.36,-1.46,1.4,0.4,-1.03,-0.29
71,1.42,0.62,-2.2,-2.81,1.42,,,,,,,,,0.13,-1.63,549.9,1.42,,,,,,,,,0.32,-2.06,-1.96,1.42,,,,,0.24,-1.4,-1.8,1.42,0.38,-1.04,-0.29
72,1.44,0.57,-2.24,-2.83,1.44,,,,,,,,,,,,,,,,,,,,,0.28,-2.1,-0.88,1.44,,,,,0.21,-1.47,2.01,1.44,0.36,-1.05,-0.19
73,1.46,0.53,-2.3,-3.71,1.46,,,,,,,,,,,,,,,,,,,,,0.24,-2.13,1.9,1.46,,,,,0.18,-1.44,9.69,1.46,0.34,-1.05,-0.18
74,1.48,0.48,-2.39,-4.74,1.48,,,,,,,,,,,,,,,,,,,,,0.2,-2.06,204.32,1.48,,,,,0.15,-1.09,15.4,1.48,0.32,-1.05,-0.4
75,1.5,0.43,-2.5,-5.08,1.5,,,,,,,,,,,,,,,,,,,,,0.15,-1.88,532.94,1.5,,,,,0.13,-0.62,134.96,1.5,0.3,-1.06,-0.58
76,1.52,0.38,-2.61,-4.71,1.52,,,,,,,,,,,,,,,,,,,,,,,,,,,,,0.13,-0.43,371.09,1.52,0.28,-1.08,-0.36
77,1.54,0.33,-2.68,-2.52,1.54,,,,,,,,,,,,,,,,,,,,,,,,,,,,,0.13,14.11,489.26,1.54,0.25,-1.09,0.24
78,1.56,0.27,-2.76,5.2,1.56,,,,,,,,,,,,,,,,,,,,,,,,,,,,,,,,,0.23,-1.07,0.58
79,1.58,0.22,-2.65,10.92,1.58,,,,,,,,,,,,,,,,,,,,,,,,,,,,,,,,,0.21,-1.05,0.57
80,1.6,0.16,-2.03,7.83,1.6,,,,,,,,,,,,,,,,,,,,,,,,,,,,,,,,,0.19,-1.05,1.75
81,1.62,,,,,,,,,,,,,,,,,,,,,,,,,,,,,,,,,,,,,0.17,-1.04,5.86
82,1.64,,,,,,,,,,,,,,,,,,,,,,,,,,,,,,,,,,,,,0.15,-0.87,9.81
83,1.66,,,,,,,,,,,,,,,,,,,,,,,,,,,,,,,,,,,,,0.13,-0.53,130.14
84,1.68,,,,,,,,,,,,,,,,,,,,,,,,,,,,,,,,,,,,,,,
85,1.7,,,,,,,,,,,,,,,,,,,,,,,,,,,,,,,,,,,,,,,
86,1.72,,,,,,,,,,,,,,,,,,,,,,,,,,,,,,,,,,,,,,,
87,1.74,,,,,,,,,,,,,,,,,,,,,,,,,,,,,,,,,,,,,,,
88,1.76,,,,,,,,,,,,,,,,,,,,,,,,,,,,,,,,,,,,,,,
89,1.78,,,,,,,,,,,,,,,,,,,,,,,,,,,,,,,,,,,,,,,
90,1.8,,,,,,,,,,,,,,,,,,,,,,,,,,,,,,,,,,,,,,,
91,1.82,,,,,,,,,,,,,,,,,,,,,,,,,,,,,,,,,,,,,,,
92,1.84,,,,,,,,,,,,,,,,,,,,,,,,,,,,,,,,,,,,,,,
93,1.86,,,,,,,,,,,,,,,,,,,,,,,,,,,,,,,,,,,,,,,
94,1.88,,,,,,,,,,,,,,,,,,,,,,,,,,,,,,,,,,,,,,,
95,1.9,,,,,,,,,,,,,,,,,,,,,,,,,,,,,,,,,,,,,,,
96,1.92,,,,,,,,,,,,,,,,,,,,,,,,,,,,,,,,,,,,,,,
97,1.94,,,,,,,,,,,,,,,,,,,,,,,,,,,,,,,,,,,,,,,
98,1.96,,,,,,,,,,,,,,,,,,,,,,,,,,,,,,,,,,,,,,,
99,1.98,,,,,,,,,,,,,,,,,,,,,,,,,,,,,,,,,,,,,,,
100,2.0,,,,,,,,,,,,,,,,,,,,,,,,,,,,,,,,,,,,,,,
101,2.02,,,,,,,,,,,,,,,,,,,,,,,,,,,,,,,,,,,,,,,
102,2.04,,,,,,,,,,,,,,,,,,,,,,,,,,,,,,,,,,,,,,,
