,Time (s) Run #1,Position (m) Run #1,Velocity (m/s) Run #1,Acceleration (m/s²) Run #1,Time (s) Run #2,Position (m) Run #2,Velocity (m/s) Run #2,Acceleration (m/s²) Run #2,Time (s) Run #3,Position (m) Run #3,Velocity (m/s) Run #3,Acceleration (m/s²) Run #3,Time (s) Run #4,Position (m) Run #4,Velocity (m/s) Run #4,Acceleration (m/s²) Run #4,Time (s) Run #5,Position (m) Run #5,Velocity (m/s) Run #5,Acceleration (m/s²) Run #5,Time (s) Run #6,Position (m) Run #6,Velocity (m/s) Run #6,Acceleration (m/s²) Run #6,Time (s) Run #7,Position (m) Run #7,Velocity (m/s) Run #7,Acceleration (m/s²) Run #7,Time (s) Run #8,Position (m) Run #8,Velocity (m/s) Run #8,Acceleration (m/s²) Run #8,Time (s) Run #9,Position (m) Run #9,Velocity (m/s) Run #9,Acceleration (m/s²) Run #9,Time (s) Run #10,Position (m) Run #10,Velocity (m/s) Run #10,Acceleration (m/s²) Run #10,Time (s) Run #11,Position (m) Run #11,Velocity (m/s) Run #11,Acceleration (m/s²) Run #11
3,0.06,0.98,0.02,0.88,0.06,1.01,-0.04,0.31,0.06,1.01,-0.01,-0.02,0.06,1.01,-0.05,-0.23,0.06,0.92,-0.01,0.47,0.06,0.95,-0.02,0.15,0.06,0.92,0.0,0.19,0.06,0.96,0.0,0.14,0.06,0.98,0.01,0.24,0.06,1.02,0.03,0.65,0.06,0.91,0.06,-0.13
4,0.08,0.98,0.04,0.41,0.08,1.01,-0.03,0.32,0.08,1.01,-0.01,-0.25,0.08,1.01,-0.05,-0.1,0.08,0.92,0.0,0.53,0.08,0.95,-0.01,0.14,0.08,0.92,0.0,-0.01,0.08,0.96,0.01,0.19,0.08,0.98,0.01,0.02,0.08,1.02,0.05,0.27,0.08,0.91,0.05,-0.74
5,0.1,0.98,0.04,-0.47,0.1,1.01,-0.02,0.25,0.1,1.01,-0.02,-0.37,0.1,1.0,-0.05,-0.31,0.1,0.92,0.01,0.58,0.1,0.95,-0.01,0.01,0.1,0.92,0.000961,-0.21,0.1,0.96,0.01,0.09,0.1,0.98,0.01,-0.14,0.1,1.02,0.05,-0.68,0.1,0.91,0.03,-1.01
6,0.12,0.98,0.03,-1.25,0.12,1.01,-0.02,0.21,0.12,1.01,-0.04,-0.13,0.12,1.0,-0.05,2.17,0.12,0.92,0.02,0.53,0.12,0.95,-0.01,-0.22,0.12,0.92,-0.01,-0.36,0.12,0.96,0.01,-0.02,0.12,0.98,0.0,-0.24,0.12,1.02,0.02,-1.44,0.12,0.91,0.01,-1.16
7,0.14,0.98,-0.02,-1.46,0.14,1.01,-0.02,0.42,0.14,1.01,-0.03,0.25,0.14,1.0,-0.09,5.54,0.14,0.93,0.03,0.34,0.14,0.95,-0.02,-0.43,0.14,0.92,-0.01,-0.44,0.14,0.96,0.01,-0.21,0.14,0.98,0.0,-0.32,0.14,1.02,-0.03,-1.23,0.14,0.91,-0.02,-1.26
8,0.16,0.98,-0.05,-0.98,0.16,1.01,-0.01,0.81,0.16,1.01,-0.02,0.22,0.16,1.0,0.24,3.6,0.16,0.93,0.03,0.1,0.16,0.95,-0.03,-0.26,0.16,0.92,-0.02,-0.65,0.16,0.96,0.01,-0.58,0.16,0.98,-0.01,-0.38,0.16,1.02,-0.05,-0.21,0.16,0.91,-0.05,-1.79
9,0.18,0.98,-0.06,-0.22,0.18,1.01,0.02,0.93,0.18,1.01,-0.01,-0.36,0.18,1.0,0.32,-5.17,0.18,0.93,0.03,-0.05,0.18,0.95,-0.04,-0.18,0.18,0.92,-0.03,-0.97,0.18,0.96,-0.01,-0.87,0.18,0.98,-0.02,-0.18,0.18,1.02,-0.03,0.53,0.18,0.91,-0.07,-2.94
10,0.2,0.98,-0.05,0.27,0.2,1.01,0.04,0.4,0.2,1.01,-0.03,-1.0,0.2,1.04,-0.02,-12.57,0.2,0.93,0.03,-0.11,0.2,0.95,-0.02,-1.0,0.2,0.92,-0.07,-1.08,0.2,0.96,-0.04,-0.68,0.2,0.98,-0.03,0.2,0.2,1.02,0.0,0.67,0.2,0.91,-0.16,-3.09
11,0.22,0.98,-0.04,1.07,0.22,1.01,0.04,-0.85,0.22,1.01,-0.06,-1.61,0.22,1.0,-0.44,-8.77,0.22,0.93,0.03,-0.18,0.22,0.95,-0.05,-2.75,0.22,0.92,-0.09,-0.92,0.22,0.96,-0.05,-0.04,0.22,0.98,-0.01,0.22,0.22,1.02,-0.01,0.62,0.22,0.91,-0.26,-0.97
12,0.24,0.98,-0.03,1.61,0.24,1.01,0.01,-1.85,0.24,1.0,-0.09,-2.33,0.24,0.99,-0.51,4.4,0.24,0.93,0.03,-0.35,0.24,0.95,-0.14,-4.03,0.24,0.92,-0.1,-0.87,0.24,0.96,-0.03,0.27,0.24,0.98,0.0,-0.86,0.24,1.02,0.01,0.27,0.24,0.89,-0.23,1.78
13,0.26,0.98,0.05,0.45,0.26,1.01,-0.06,-1.85,0.26,1.0,-0.15,-2.86,0.26,0.99,-0.25,12.93,0.26,0.93,0.02,-0.6,0.26,0.94,-0.25,-3.34,0.26,0.92,-0.11,-1.45,0.26,0.96,-0.02,0.16,0.26,0.98,-0.02,-2.53,0.26,1.02,0.03,-0.78,0.26,0.89,-0.12,1.8
14,0.28,0.98,0.05,-3.18,0.28,1.01,-0.08,-1.95,0.28,1.0,-0.22,-2.66,0.28,0.99,0.32,6.49,0.28,0.93,0.0,-0.79,0.28,0.93,-0.31,-1.59,0.28,0.91,-0.15,-2.11,0.28,0.96,-0.03,-0.19,0.28,0.98,-0.11,-3.26,0.28,1.02,-0.01,-2.27,0.28,0.9,-0.09,-1.15
15,0.3,0.98,-0.07,-6.86,0.3,1.0,-0.09,2.84,0.3,0.99,-0.27,-1.82,0.3,0.97,0.29,-9.87,0.3,0.93,-0.02,-0.78,0.3,0.93,-0.29,-0.3,0.3,0.91,-0.21,-2.37,0.3,0.96,-0.03,-0.86,0.3,0.98,-0.19,-2.63,0.3,1.02,-0.08,-2.6,0.3,0.89,-0.18,-3.61
16,0.32,0.97,-0.29,-6.7,0.32,1.0,-0.19,8.2,0.32,0.99,-0.29,-1.25,0.32,1.05,-0.27,-20.0,0.32,0.93,-0.04,-0.6,0.32,0.92,-0.29,-0.17,0.32,0.9,-0.25,-2.23,0.32,0.96,-0.05,-2.05,0.32,0.97,-0.22,-1.66,0.32,1.02,-0.15,-1.69,0.32,0.88,-0.3,-4.12
17,0.34,0.97,-0.43,-3.33,0.34,1.0,0.39,4.75,0.34,0.98,-0.3,-1.29,0.34,0.97,-0.85,-11.25,0.34,0.93,-0.04,-0.44,0.34,0.92,-0.3,-0.62,0.34,0.9,-0.29,-1.97,0.34,0.96,-0.11,-3.01,0.34,0.97,-0.23,-1.66,0.34,1.02,-0.14,-0.91,0.34,0.88,-0.34,-3.57
18,0.36,0.96,-0.4,0.14,0.36,0.99,0.42,-9.31,0.36,0.98,-0.34,-1.53,0.36,0.96,-0.94,2.59,0.36,0.93,-0.05,-0.6,0.36,0.91,-0.32,-0.71,0.36,0.89,-0.34,-1.61,0.36,0.95,-0.2,-2.44,0.36,0.96,-0.27,-2.06,0.36,1.01,-0.15,-1.11,0.36,0.87,-0.43,-2.65
19,0.38,0.95,-0.36,0.9,0.38,1.07,-0.13,-21.76,0.38,0.97,-0.37,-1.58,0.38,0.96,-0.38,7.5,0.38,0.93,-0.06,-1.02,0.38,0.9,-0.34,-0.43,0.38,0.89,-0.36,-0.92,0.38,0.95,-0.24,-1.08,0.38,0.96,-0.34,-2.17,0.38,1.01,-0.19,-1.76,0.38,0.86,-0.49,-0.11
20,0.4,0.95,-0.34,-0.26,0.4,0.99,-0.79,-8.17,0.4,0.96,-0.4,-1.43,0.4,0.95,-0.42,2.96,0.4,0.92,-0.09,-1.4,0.4,0.9,-0.34,-0.12,0.4,0.88,-0.37,-0.4,0.4,0.94,-0.21,-0.54,0.4,0.95,-0.36,-1.8,0.4,1.0,-0.23,-1.84,0.4,0.85,-0.47,2.74
21,0.42,0.94,-0.38,-1.35,0.42,0.98,-1.01,13.35,0.42,0.95,-0.43,-1.3,0.42,0.94,-0.47,-1.71,0.42,0.92,-0.12,-1.55,0.42,0.89,-0.33,-0.33,0.42,0.87,-0.37,-0.32,0.42,0.94,-0.23,-1.32,0.42,0.94,-0.4,-1.31,0.42,1.0,-0.27,-1.73,0.42,0.84,-0.31,2.23
22,0.44,0.93,-0.41,-1.92,0.44,0.98,0.32,14.84,0.44,0.94,-0.45,-1.16,0.44,0.93,-0.5,-1.04,0.44,0.92,-0.15,-1.55,0.44,0.88,-0.34,-0.95,0.44,0.86,-0.38,-0.51,0.44,0.94,-0.28,-2.03,0.44,0.93,-0.42,-1.08,0.44,0.99,-0.29,-1.61,0.44,0.83,-0.27,-1.13
23,0.46,0.92,-0.45,-1.86,0.46,0.96,0.36,-7.3,0.46,0.93,-0.48,-0.99,0.46,0.92,-0.51,-0.48,0.46,0.92,-0.18,-1.87,0.46,0.88,-0.37,-1.25,0.46,0.86,-0.39,-0.66,0.46,0.93,-0.33,-1.76,0.46,0.92,-0.44,-0.97,0.46,0.99,-0.34,-1.43,0.46,0.84,-0.42,-4.21
24,0.48,0.91,-0.5,-1.59,0.48,1.05,-0.38,-26.35,0.48,0.92,-0.49,-0.85,0.48,0.91,-0.51,-0.37,0.48,0.91,-0.22,-2.35,0.48,0.87,-0.41,-1.02,0.48,0.85,-0.41,-0.68,0.48,0.92,-0.35,-1.09,0.48,0.92,-0.46,-1.16,0.48,0.98,-0.36,-0.91,0.48,0.82,-0.5,-4.5
25,0.5,0.9,-0.52,-1.24,0.5,0.95,-1.19,-15.01,0.5,0.91,-0.51,-0.78,0.5,0.9,-0.52,-0.56,0.5,0.91,-0.28,-2.61,0.5,0.86,-0.42,-0.6,0.5,0.84,-0.42,-0.69,0.5,0.92,-0.36,-0.7,0.5,0.91,-0.48,-1.37,0.5,0.97,-0.38,-0.25,0.5,0.81,-0.59,-4.22
26,0.52,0.89,-0.54,-1.11,0.52,0.94,-1.29,4.3,0.52,0.9,-0.52,-0.8,0.52,0.89,-0.54,-0.71,0.52,0.9,-0.33,-2.2,0.52,0.85,-0.42,-0.38,0.52,0.83,-0.44,-0.64,0.52,0.91,-0.38,-0.65,0.52,0.9,-0.51,-1.79,0.52,0.97,-0.36,-0.26,0.52,0.81,-0.64,-3.78
27,0.54,0.88,-0.56,-1.17,0.54,0.93,-0.53,12.25,0.54,0.89,-0.54,-0.93,0.54,0.88,-0.55,-0.8,0.54,0.89,-0.38,-1.53,0.54,0.84,-0.43,-0.39,0.54,0.82,-0.45,-0.57,0.54,0.9,-0.39,-0.8,0.54,0.89,-0.55,-1.79,0.54,0.96,-0.36,-1.22,0.54,0.78,-0.78,-1.22
28,0.56,0.87,-0.59,-1.04,0.56,0.92,-0.52,6.14,0.56,0.88,-0.56,-1.1,0.56,0.86,-0.57,-0.78,0.56,0.89,-0.39,-1.17,0.56,0.83,-0.44,-0.62,0.56,0.81,-0.46,-0.6,0.56,0.89,-0.4,-1.05,0.56,0.87,-0.61,-0.56,0.56,0.95,-0.4,-2.52,0.56,0.77,-0.76,2.02
29,0.58,0.86,-0.61,-0.7,0.58,0.91,-0.49,16.15,0.58,0.87,-0.59,-1.19,0.58,0.85,-0.59,-0.51,0.58,0.88,-0.41,-1.17,0.58,0.83,-0.45,-1.02,0.58,0.8,-0.47,-0.72,0.58,0.88,-0.43,-1.16,0.58,0.86,-0.6,1.27,0.58,0.94,-0.48,-2.65,0.58,0.75,-0.62,3.68
30,0.6,0.84,-0.61,-0.38,0.6,0.9,-0.6,34.3,0.6,0.86,-0.61,-0.92,0.6,0.84,-0.59,-0.15,0.6,0.87,-0.44,-1.24,0.6,0.82,-0.48,-1.22,0.6,0.79,-0.49,-0.79,0.6,0.88,-0.46,-0.81,0.6,0.85,-0.53,2.0,0.6,0.93,-0.54,-1.47,0.6,0.74,-0.56,2.73
31,0.62,0.83,-0.62,-0.18,0.62,0.89,1.48,18.91,0.62,0.85,-0.63,-0.44,0.62,0.83,-0.59,-0.13,0.62,0.86,-0.46,-1.04,0.62,0.81,-0.51,-0.68,0.62,0.78,-0.5,-0.78,0.62,0.86,-0.47,-0.23,0.62,0.84,-0.48,0.81,0.62,0.92,-0.54,-0.15,0.62,0.73,-0.54,0.94
32,0.64,0.82,-0.62,-0.13,0.64,0.86,1.62,-33.37,0.64,0.83,-0.62,-0.26,0.64,0.82,-0.59,-0.63,0.64,0.85,-0.48,-0.75,0.64,0.8,-0.52,0.48,0.64,0.77,-0.52,-0.69,0.64,0.86,-0.46,-0.19,0.64,0.83,-0.49,-0.65,0.64,0.91,-0.52,0.24,0.64,0.72,-0.52,-0.87
33,0.66,0.81,-0.62,-0.3,0.66,1.12,-0.44,-72.63,0.66,0.82,-0.62,-0.68,0.66,0.81,-0.61,-1.15,0.66,0.84,-0.49,-0.59,0.66,0.79,-0.49,1.16,0.66,0.76,-0.53,-0.63,0.66,0.85,-0.46,-0.54,0.66,0.82,-0.54,-1.08,0.66,0.9,-0.52,-0.12,0.66,0.71,-0.55,-2.91
34,0.68,0.79,-0.63,-0.71,0.68,0.86,-2.68,-40.96,0.68,0.81,-0.65,-1.29,0.68,0.79,-0.64,-1.34,0.68,0.83,-0.5,-0.76,0.68,0.78,-0.45,0.84,0.68,0.75,-0.54,-0.43,0.68,0.84,-0.49,-0.49,0.68,0.81,-0.54,-0.8,0.68,0.89,-0.53,-0.48,0.68,0.7,-0.65,-3.93
35,0.7,0.78,-0.65,-1.08,0.7,0.84,-2.93,13.49,0.7,0.8,-0.69,-1.35,0.7,0.78,-0.67,-1.21,0.7,0.82,-0.52,-1.17,0.7,0.77,-0.45,-0.24,0.7,0.74,-0.56,-0.2,0.7,0.83,-0.5,0.17,0.7,0.8,-0.55,-0.65,0.7,0.88,-0.55,-0.75,0.7,0.69,-0.75,-2.75
36,0.72,0.77,-0.68,-1.1,0.72,0.82,-0.8,35.12,0.72,0.78,-0.72,-0.89,0.72,0.77,-0.69,-0.94,0.72,0.81,-0.55,-1.56,0.72,0.76,-0.46,-1.28,0.72,0.73,-0.54,-0.31,0.72,0.82,-0.47,0.16,0.72,0.79,-0.57,-0.55,0.72,0.87,-0.56,-1.03,0.72,0.67,-0.79,-0.18
37,0.74,0.75,-0.7,-0.81,0.74,0.81,-0.7,19.33,0.74,0.77,-0.72,-0.41,0.74,0.75,-0.71,-0.68,0.74,0.8,-0.59,-1.43,0.74,0.75,-0.5,-1.89,0.74,0.72,-0.55,-0.8,0.74,0.81,-0.46,-1.24,0.74,0.78,-0.59,-0.13,0.74,0.86,-0.59,-0.97,0.74,0.65,-0.74,1.85
38,0.76,0.74,-0.71,-0.44,0.76,0.8,-0.7,0.54,0.76,0.75,-0.73,-0.16,0.76,0.74,-0.72,-0.47,0.76,0.79,-0.62,-0.76,0.76,0.74,-0.55,-1.98,0.76,0.71,-0.58,-1.25,0.76,0.8,-0.52,-2.67,0.76,0.76,-0.58,0.36,0.76,0.85,-0.62,-0.4,0.76,0.64,-0.68,1.9
39,0.78,0.73,-0.71,-0.24,0.78,0.78,-0.71,-0.46,0.78,0.74,-0.73,0.11,0.78,0.72,-0.72,-0.42,0.78,0.78,-0.62,-0.49,0.78,0.73,-0.59,-1.39,0.78,0.7,-0.61,-1.02,0.78,0.79,-0.61,-2.46,0.78,0.75,-0.56,0.41,0.78,0.83,-0.6,0.09,0.78,0.63,-0.64,0.3
40,0.8,0.71,-0.72,-0.27,0.8,0.77,-0.72,-0.46,0.8,0.72,-0.73,1.37,0.8,0.71,-0.73,-0.43,0.8,0.76,-0.61,2.91,0.8,0.72,-0.61,-0.69,0.8,0.68,-0.63,-0.54,0.8,0.77,-0.65,-0.93,0.8,0.74,-0.55,-0.16,0.8,0.82,-0.59,0.0,0.8,0.61,-0.67,-1.22
41,0.82,0.7,-0.72,-0.36,0.82,0.75,-0.73,-0.36,0.82,0.71,-0.71,2.05,0.82,0.7,-0.74,-0.58,0.82,0.75,-0.66,6.25,0.82,0.7,-0.61,-0.28,0.82,0.67,-0.62,-0.3,0.82,0.76,-0.63,0.27,0.82,0.73,-0.56,-0.95,0.82,0.81,-0.6,-0.28,0.82,0.6,-0.72,-1.39
42,0.84,0.68,-0.73,-0.57,0.84,0.74,-0.73,-0.28,0.84,0.69,-0.58,-0.15,0.84,0.68,-0.75,-0.83,0.84,0.74,-0.23,2.72,0.84,0.69,-0.61,-0.24,0.84,0.66,-0.64,-0.39,0.84,0.75,-0.61,0.23,0.84,0.72,-0.6,-1.52,0.84,0.8,-0.62,-0.03,0.84,0.58,-0.75,-0.44
43,0.86,0.67,-0.74,-0.91,0.86,0.72,-0.74,-0.23,0.86,0.68,-0.62,-4.47,0.86,0.66,-0.78,-0.96,0.86,0.72,-0.24,-8.1,0.86,0.68,-0.62,-0.31,0.86,0.65,-0.65,-0.49,0.86,0.74,-0.61,-0.51,0.86,0.71,-0.63,-1.5,0.86,0.78,-0.61,0.2,0.86,0.57,-0.73,0.27
44,0.88,0.65,-0.77,-1.2,0.88,0.71,-0.74,-0.25,0.88,0.68,-0.82,-6.53,0.88,0.65,-0.8,-0.72,0.88,0.77,-0.69,-15.83,0.88,0.67,-0.63,-0.47,0.88,0.63,-0.66,-0.41,0.88,0.73,-0.63,-1.06,0.88,0.69,-0.66,-1.15,0.88,0.77,-0.59,-0.33,0.88,0.56,-0.71,0.17
45,0.9,0.64,-0.8,-1.07,0.9,0.69,-0.75,-0.19,0.9,0.65,-1.0,-3.14,0.9,0.63,-0.81,-0.21,0.9,0.69,-1.17,-8.41,0.9,0.65,-0.63,-0.88,0.9,0.62,-0.66,-0.38,0.9,0.71,-0.66,-1.02,0.9,0.68,-0.68,-0.81,0.9,0.76,-0.61,-1.1,0.9,0.54,-0.72,-0.29
46,0.92,0.62,-0.82,-0.4,0.92,0.68,-0.76,0.21,0.92,0.63,-0.99,1.54,0.92,0.62,-0.8,0.01,0.92,0.68,-1.21,3.13,0.92,0.64,-0.66,-1.15,0.92,0.61,-0.67,-0.4,0.92,0.7,-0.68,-0.45,0.92,0.67,-0.69,-0.64,0.92,0.75,-0.66,-1.16,0.92,0.53,-0.73,-0.45
47,0.94,0.6,-0.81,0.1,0.94,0.66,-0.75,0.35,0.94,0.61,-0.83,3.03,0.94,0.6,-0.8,-0.12,0.94,0.67,-0.74,7.28,0.94,0.63,-0.69,-0.88,0.94,0.59,-0.68,-0.41,0.94,0.69,-0.68,-0.01,0.94,0.65,-0.7,-0.58,0.94,0.73,-0.67,-0.43,0.94,0.51,-0.74,-0.26
48,0.96,0.59,-0.8,0.0,0.96,0.65,-0.72,-0.55,0.96,0.6,-0.81,1.87,0.96,0.58,-0.81,-0.4,0.96,0.65,-0.75,3.65,0.96,0.61,-0.7,-0.16,0.96,0.58,-0.69,-0.4,0.96,0.67,-0.67,0.000166,0.96,0.64,-0.71,-0.5,0.96,0.72,-0.66,0.14,0.96,0.5,-0.74,-0.13
49,0.98,0.57,-0.81,-0.48,0.98,0.63,-0.75,-1.98,0.98,0.58,-0.82,0.57,0.98,0.57,-0.82,-0.56,0.98,0.64,-0.75,-0.15,0.98,0.6,-0.69,0.22,0.98,0.57,-0.69,-0.38,0.98,0.66,-0.68,-0.26,0.98,0.62,-0.72,-0.44,0.98,0.71,-0.65,-0.09,0.98,0.48,-0.74,-0.33
50,1.0,0.56,-0.83,-0.78,1.0,0.62,-0.82,-2.37,1.0,0.56,-0.78,-0.22,1.0,0.55,-0.83,-0.6,1.0,0.62,-0.75,-0.17,1.0,0.59,-0.68,-0.02,1.0,0.55,-0.7,-0.39,1.0,0.64,-0.69,-0.47,1.0,0.61,-0.73,-0.41,1.0,0.69,-0.66,-0.69,1.0,0.47,-0.75,-0.65
51,1.02,0.54,-0.84,-0.69,1.02,0.6,-0.88,-1.18,1.02,0.55,-0.79,-1.47,1.02,0.54,-0.84,-0.59,1.02,0.61,-0.75,-0.57,1.02,0.57,-0.69,-0.57,1.02,0.54,-0.71,-0.37,1.02,0.63,-0.7,-0.51,1.02,0.59,-0.74,-0.42,1.02,0.68,-0.69,-1.12,1.02,0.45,-0.77,-0.59
52,1.04,0.52,-0.85,-0.5,1.04,0.58,-0.87,-0.13,1.04,0.54,-0.86,-2.09,1.04,0.52,-0.85,-0.47,1.04,0.59,-0.77,-1.01,1.04,0.56,-0.71,-0.8,1.04,0.52,-0.72,-0.29,1.04,0.62,-0.71,-0.48,1.04,0.58,-0.75,-0.42,1.04,0.67,-0.71,-1.06,1.04,0.44,-0.79,-0.01
53,1.06,0.51,-0.86,-0.38,1.06,0.57,-0.84,-0.31,1.06,0.51,-0.92,-0.76,1.06,0.5,-0.86,-0.34,1.06,0.58,-0.8,-0.89,1.06,0.54,-0.73,-0.52,1.06,0.51,-0.72,-0.21,1.06,0.6,-0.72,-0.39,1.06,0.56,-0.76,-0.41,1.06,0.65,-0.73,-0.64,1.06,0.42,-0.77,0.31
54,1.08,0.49,-0.87,-0.34,1.08,0.55,-0.88,-0.91,1.08,0.49,-0.91,0.75,1.08,0.48,-0.87,-0.3,1.08,0.56,-0.82,-0.23,1.08,0.53,-0.73,0.0,1.08,0.49,-0.73,-0.18,1.08,0.59,-0.72,-0.31,1.08,0.55,-0.76,-0.41,1.08,0.64,-0.74,-0.32,1.08,0.41,-0.75,-0.18
55,1.1,0.47,-0.87,-0.36,1.1,0.53,-0.91,-0.76,1.1,0.48,-0.84,0.94,1.1,0.47,-0.87,-0.3,1.1,0.54,-0.81,0.14,1.1,0.51,-0.73,1.26,1.1,0.48,-0.73,-0.21,1.1,0.57,-0.73,-0.3,1.1,0.53,-0.77,-0.27,1.1,0.62,-0.74,-0.23,1.1,0.39,-0.77,-0.76
56,1.12,0.45,-0.88,-0.41,1.12,0.51,-0.91,0.08,1.12,0.46,-0.85,0.38,1.12,0.45,-0.88,-0.26,1.12,0.53,-0.8,-0.13,1.12,0.5,-0.71,2.23,1.12,0.47,-0.73,-0.25,1.12,0.56,-0.73,-0.32,1.12,0.52,-0.78,8.6e-05,1.12,0.61,-0.74,-0.3,1.12,0.38,-0.81,-0.61
57,1.14,0.44,-0.89,-0.42,1.14,0.5,-0.9,0.5,1.14,0.44,-0.86,0.37,1.14,0.43,-0.88,-0.18,1.14,0.51,-0.81,-0.64,1.14,0.49,-0.6,1.22,1.14,0.45,-0.74,-0.23,1.14,0.54,-0.74,-0.33,1.14,0.5,-0.77,0.17,1.14,0.59,-0.75,-0.43,1.14,0.36,-0.81,-0.07
58,1.16,0.42,-0.9,-0.3,1.16,0.48,-0.88,0.32,1.16,0.43,-0.84,0.87,1.16,0.41,-0.88,-0.21,1.16,0.49,-0.83,-0.82,1.16,0.47,-0.59,-1.99,1.16,0.44,-0.74,-0.15,1.16,0.53,-0.75,-0.27,1.16,0.49,-0.76,-0.03,1.16,0.58,-0.76,-0.6,1.16,0.34,-0.79,-0.2
59,1.18,0.4,-0.91,-0.12,1.18,0.46,-0.88,0.01,1.18,0.41,-0.8,0.68,1.18,0.4,-0.89,-0.38,1.18,0.48,-0.85,-0.64,1.18,0.47,-0.7,-3.6,1.18,0.42,-0.75,-0.09,1.18,0.51,-0.75,-0.15,1.18,0.47,-0.77,-0.48,1.18,0.56,-0.78,-0.67,1.18,0.33,-0.8,-0.9
60,1.2,0.38,-0.9,0.01,1.2,0.44,-0.89,-0.1,1.2,0.4,-0.8,-0.13,1.2,0.38,-0.9,-0.65,1.2,0.46,-0.86,-0.4,1.2,0.44,-0.85,-0.45,1.2,0.41,-0.75,-0.15,1.2,0.5,-0.76,-0.05,1.2,0.46,-0.79,-0.66,1.2,0.55,-0.79,-0.42,1.2,0.31,-0.84,-1.04
61,1.22,0.36,-0.9,0.03,1.22,0.42,-0.89,-0.07,1.22,0.38,-0.82,-0.61,1.22,0.36,-0.91,-0.94,1.22,0.44,-0.86,-0.18,1.22,0.43,-0.77,2.73,1.22,0.39,-0.75,-0.29,1.22,0.48,-0.75,-0.01,1.22,0.44,-0.81,-0.45,1.22,0.53,-0.8,0.08,1.22,0.29,-0.87,-0.58
62,1.24,0.35,-0.9,-0.06,1.24,0.41,-0.89,-0.18,1.24,0.36,-0.84,-0.48,1.24,0.34,-0.94,-0.99,1.24,0.43,-0.87,0.04,1.24,0.41,-0.57,0.81,1.24,0.38,-0.76,-0.4,1.24,0.47,-0.76,-0.06,1.24,0.42,-0.81,-0.13,1.24,0.52,-0.79,0.32,1.24,0.28,-0.85,-0.2
63,1.26,0.33,-0.9,-0.29,1.26,0.39,-0.89,-0.41,1.26,0.35,-0.84,-0.22,1.26,0.32,-0.96,-0.61,1.26,0.41,-0.86,0.25,1.26,0.41,-0.65,-4.71,1.26,0.36,-0.77,-0.37,1.26,0.45,-0.76,-0.12,1.26,0.41,-0.8,-0.04,1.26,0.5,-0.77,0.16,1.26,0.26,-0.86,-0.3
64,1.28,0.31,-0.91,-0.6,1.28,0.37,-0.9,-0.55,1.28,0.33,-0.84,-0.16,1.28,0.3,-0.97,0.07,1.28,0.39,-0.85,0.22,1.28,0.39,-0.88,-6.47,1.28,0.35,-0.77,-0.25,1.28,0.44,-0.76,-0.12,1.28,0.39,-0.8,-0.25,1.28,0.48,-0.78,-0.12,1.28,0.24,-0.87,-0.35
65,1.3,0.29,-0.93,-0.7,1.3,0.35,-0.92,-0.64,1.3,0.31,-0.85,-0.07,1.3,0.28,-0.96,0.37,1.3,0.37,-0.84,-0.15,1.3,0.37,-1.04,-2.29,1.3,0.33,-0.78,-0.1,1.3,0.42,-0.76,-0.11,1.3,0.38,-0.81,-0.5,1.3,0.47,-0.79,-0.24,1.3,0.22,-0.88,-0.07
66,1.32,0.27,-0.95,-0.33,1.32,0.33,-0.93,-0.78,1.32,0.29,-0.85,0.16,1.32,0.27,-0.94,0.04,1.32,0.36,-0.86,-0.54,1.32,0.35,-0.96,2.44,1.32,0.31,-0.78,0.05,1.32,0.41,-0.76,-0.1,1.32,0.36,-0.83,-0.57,1.32,0.45,-0.79,-0.18,1.32,0.21,-0.87,0.17
67,1.34,0.25,-0.95,0.2,1.34,0.32,-0.95,-0.83,1.34,0.28,-0.83,0.01,1.34,0.25,-0.95,-0.36,1.34,0.34,-0.88,-0.48,1.34,0.33,-0.84,3.91,1.34,0.3,-0.78,0.25,1.34,0.39,-0.77,-0.26,1.34,0.34,-0.84,-0.41,1.34,0.44,-0.79,-0.12,1.34,0.19,-0.87,0.75
68,1.36,0.23,-0.93,0.35,1.36,0.3,-0.97,-0.55,1.36,0.26,-0.83,-0.96,1.36,0.23,-0.97,-0.3,1.36,0.32,-0.89,0.08,1.36,0.32,-0.78,2.57,1.36,0.28,-0.77,0.42,1.36,0.38,-0.77,-0.5,1.36,0.33,-0.84,-0.16,1.36,0.42,-0.79,-0.09,1.36,0.17,-0.86,2.47
69,1.38,0.22,-0.92,0.93,1.38,0.28,-0.97,-0.05,1.38,0.25,-0.86,-2.02,1.38,0.21,-0.97,0.45,1.38,0.3,-0.87,0.5,1.38,0.3,-0.75,1.08,1.38,0.27,-0.76,0.48,1.38,0.36,-0.79,-0.65,1.38,0.31,-0.84,-0.03,1.38,0.41,-0.8,-0.25,1.38,0.15,-0.8,5.8
70,1.4,0.2,-0.93,1.93,1.4,0.26,-0.96,0.26,1.4,0.23,-0.94,0.92,1.4,0.19,-0.96,1.71,1.4,0.29,-0.85,0.26,1.4,0.29,-0.74,0.33,1.4,0.25,-0.75,0.41,1.4,0.35,-0.8,-0.63,1.4,0.29,-0.84,0.03,1.4,0.39,-0.8,-0.59,1.4,0.14,-0.64,9.27
71,1.42,0.18,-0.84,2.72,1.42,0.24,-0.96,0.23,1.42,0.21,-0.97,8.78,1.42,0.17,-0.91,4.2,1.42,0.27,-0.85,-0.5,1.42,0.27,-0.75,0.12,1.42,0.24,-0.74,0.67,1.42,0.33,-0.81,-0.44,1.42,0.28,-0.85,0.28,1.42,0.37,-0.82,-0.79,1.42,0.13,-0.39,8.64
72,1.44,0.16,-0.79,3.68,1.44,0.22,-0.95,-0.16,1.44,0.19,-0.61,11.7,1.44,0.15,-0.82,6.59,1.44,0.25,-0.88,-1.02,1.44,0.26,-0.74,0.48,1.44,0.22,-0.74,1.12,1.44,0.31,-0.82,-0.31,1.44,0.26,-0.84,0.91,1.44,0.36,-0.84,-0.56,1.44,,,
73,1.46,0.15,-0.74,6.2,1.46,0.2,-0.96,0.0,1.46,0.17,-0.13,79.31,1.46,0.14,-0.6,116.89,1.46,0.24,-0.91,-0.89,1.46,0.24,-0.74,1.16,1.46,0.21,-0.69,0.76,1.46,0.3,-0.82,-0.4,1.46,0.24,-0.81,0.98,1.46,0.34,-0.85,-0.02,1.46,,,
74,1.48,0.13,-0.58,10.81,1.48,0.18,-0.98,2.04,1.48,0.19,-0.37,143.21,1.48,,,,,0.22,-0.92,-0.42,1.48,0.23,-0.7,1.66,1.48,0.19,-0.67,0.81,1.48,0.28,-0.83,-0.7,1.48,0.23,-0.77,-0.55,1.48,0.32,-0.84,0.29,1.48,,,
75,1.5,,,,,0.16,-0.93,6.25,1.5,0.19,8.3,152.05,1.5,,,,,0.2,-0.92,0.32,1.5,0.21,-0.65,2.77,1.5,0.18,-0.72,2.79,1.5,0.26,-0.85,-0.87,1.5,0.21,-0.8,-2.38,1.5,0.31,-0.83,0.24,1.5,,,
76,1.52,,,,,0.14,-0.74,9.48,1.52,,,,,,,,,0.18,-0.92,1.98,1.52,0.2,-0.63,4.35,1.52,0.17,-0.61,5.36,1.52,0.25,-0.87,-0.69,1.52,0.2,-0.92,-1.09,1.52,0.29,-0.83,-0.07,1.52,,,
77,1.54,,,,,0.13,-0.45,76.85,1.54,,,,,,,,,0.16,-0.87,5.17,1.54,0.19,-0.47,4.24,1.54,0.15,-0.41,4.68,1.54,0.23,-0.88,-0.36,1.54,0.17,-0.95,4.52,1.54,0.27,-0.83,-0.47,1.54,,,
78,1.56,,,,,,,,,,,,,,,,,0.14,-0.73,8.87,1.56,0.18,-0.35,0.99,1.56,0.16,-0.33,1.1,1.56,0.21,-0.88,-0.18,1.56,0.15,-0.75,10.51,1.56,0.26,-0.84,-0.67,1.56,,,
79,1.58,,,,,,,,,,,,,,,,,0.13,-0.49,10.7,1.58,0.18,-0.42,-3.28,1.58,0.15,-0.43,0.56,1.58,0.19,-0.89,0.17,1.58,0.14,-0.43,11.27,1.58,0.24,-0.87,-0.21,1.58,,,
80,1.6,,,,,,,,,,,,,,,,,,,,,0.17,-0.56,-3.51,1.6,0.13,-0.45,2.93,1.6,0.18,-0.89,1.78,1.6,0.14,-0.18,6.47,1.6,0.22,-0.87,0.85,1.6,,,
81,1.62,,,,,,,,,,,,,,,,,,,,,0.15,-0.66,0.84,1.62,,,,,0.16,-0.85,5.19,1.62,0.14,-0.17,0.29,1.62,0.2,-0.83,1.6,1.62,,,
82,1.64,,,,,,,,,,,,,,,,,,,,,0.14,-0.53,6.1,1.64,,,,,0.14,-0.7,9.16,1.64,0.14,-0.23,88.2,1.64,0.19,-0.78,1.55,1.64,,,
83,1.66,,,,,,,,,,,,,,,,,,,,,0.13,-0.35,8.9,1.66,,,,,0.13,-0.45,11.33,1.66,,,,,0.17,-0.76,1.83,1.66,,,
84,1.68,,,,,,,,,,,,,,,,,,,,,,,,,,,,,,,,,,,,,0.16,-0.75,4.13,1.68,,,
85,1.7,,,,,,,,,,,,,,,,,,,,,,,,,,,,,,,,,,,,,0.14,-0.64,7.61,1.7,,,
86,1.72,,,,,,,,,,,,,,,,,,,,,,,,,,,,,,,,,,,,,0.13,-0.41,9.39,1.72,,,
87,1.74,,,,,,,,,,,,,,,,,,,,,,,,,,,,,,,,,,,,,0.13,-0.19,6.52,1.74,,,
88,1.76,,,,,,,,,,,,,,,,,,,,,,,,,,,,,,,,,,,,,0.13,-0.07,90.33,1.76,,,
89,1.78,,,,,,,,,,,,,,,,,,,,,,,,,,,,,,,,,,,,,,,,,,,
90,1.8,,,,,,,,,,,,,,,,,,,,,,,,,,,,,,,,,,,,,,,,,,,
91,1.82,,,,,,,,,,,,,,,,,,,,,,,,,,,,,,,,,,,,,,,,,,,
92,1.84,,,,,,,,,,,,,,,,,,,,,,,,,,,,,,,,,,,,,,,,,,,
93,1.86,,,,,,,,,,,,,,,,,,,,,,,,,,,,,,,,,,,,,,,,,,,
94,1.88,,,,,,,,,,,,,,,,,,,,,,,,,,,,,,,,,,,,,,,,,,,
95,1.9,,,,,,,,,,,,,,,,,,,,,,,,,,,,,,,,,,,,,,,,,,,
96,1.92,,,,,,,,,,,,,,,,,,,,,,,,,,,,,,,,,,,,,,,,,,,
97,1.94,,,,,,,,,,,,,,,,,,,,,,,,,,,,,,,,,,,,,,,,,,,
98,1.96,,,,,,,,,,,,,,,,,,,,,,,,,,,,,,,,,,,,,,,,,,,
99,1.98,,,,,,,,,,,,,,,,,,,,,,,,,,,,,,,,,,,,,,,,,,,
100,2.0,,,,,,,,,,,,,,,,,,,,,,,,,,,,,,,,,,,,,,,,,,,
101,2.02,,,,,,,,,,,,,,,,,,,,,,,,,,,,,,,,,,,,,,,,,,,
102,2.04,,,,,,,,,,,,,,,,,,,,,,,,,,,,,,,,,,,,,,,,,,,
103,2.06,,,,,,,,,,,,,,,,,,,,,,,,,,,,,,,,,,,,,,,,,,,
104,2.08,,,,,,,,,,,,,,,,,,,,,,,,,,,,,,,,,,,,,,,,,,,
105,2.1,,,,,,,,,,,,,,,,,,,,,,,,,,,,,,,,,,,,,,,,,,,
106,2.12,,,,,,,,,,,,,,,,,,,,,,,,,,,,,,,,,,,,,,,,,,,
107,2.14,,,,,,,,,,,,,,,,,,,,,,,,,,,,,,,,,,,,,,,,,,,
108,2.16,,,,,,,,,,,,,,,,,,,,,,,,,,,,,,,,,,,,,,,,,,,
